-0.029617667
0.27226895
0.04758793
0.23066658
0.036186874
0.16550446
0.4403751
0.35125542
0.28627867
0.24152976
0.5374228
0.47304058
0.62018037
0.41338098
0.36110902
0.5687082
0.71399975
0.5176693
0.12475884
0.29691625
0.45705104
0.37016153
0.5032841
-0.103402734
-0.07463467
0.0068693757
0.0482291
0.013553798
-0.10137349
-0.1640557
-0.46710712
-0.08711791
-0.29898834
-0.29429358
-0.41400275
-0.58593607
-0.3426227
-0.52621055
-0.6608935
-0.54903775
-0.44040793
-0.080242395
-0.14623368
-0.5164057
-0.34721756
-0.13338369
0.03843707
-0.032170832
-0.015332401
-0.5586945
0.07834798
0.2077617
0.43311703
0.0432117
-0.033421636
0.35310888
0.7363777
0.58921707
0.37351966
0.118041396
0.28135437
0.8011844
0.7043859
0.35189247
0.0658167
0.63699687
0.6528065
0.696604
0.31876886
0.24819154
0.19536263
0.7559843
0.35054088
-0.16536337
-0.16525877
-0.19193614
0.041669965
0.0924204
-0.42670265
-0.3226337
-0.21643174
0.029878914
-0.17103237
-0.4511458
-0.30596873
-0.17598242
0.043678224
-0.36730912
-0.57793343
-0.5843474
-0.2196666
-0.13539958
-0.014229238
-0.32730266
-0.3287081
-0.23929098
0.1766454
0.015894115
0.034894407
0.069654584
-0.20604613
0.5279527
0.18062061
0.06743467
0.090874374
0.059635103
0.75404346
0.44153118
0.4751824
0.32109666
0.5708178
0.7427881
0.51531076
0.5775273
0.28689355
0.24180216
0.42490792
0.64253914
0.4022509
0.32170308
0.5016229
0.3980056
0.3840356
-0.32648495
-0.05032164
0.16380167
0.14800626
0.2645111
-0.0064777136
-0.5226497
-0.2203584
-0.3763374
-0.26719362
-0.29864952
-0.20013568
-0.3402752
-0.012430966
-0.00858283
-0.42828193
-0.4309131
-0.14157224
-0.13063568
-0.14207166
-0.6092854
-0.38780043
-0.29248717
0.09242624
-0.1670512
-0.40919116
-0.08504224
-0.06267035
0.45266128
0.2791537
0.056470692
0.23643124
0.2116946
0.96578205
0.51196504
0.26124036
0.3366338
0.29564834
0.910007
0.92758477
0.5128404
0.1439619
0.6080791
0.5660286
0.53408515
0.39709318
0.120262206
0.1143834
0.5919709
0.5146359
0.21556419
-0.23380342
-0.102902114
0.16926908
0.030537426
-0.2654036
-0.44157434
-0.18836054
0.078707516
-0.10243672
-0.4275493
-0.37011048
-0.1741454
-0.32038724
-0.40299988
-0.30231813
-0.5532059
-0.28374785
-0.108668685
0.06223613
-0.52502257
-0.48592672
-0.4334362
0.01962322
-0.08993167
-0.5915884
-0.27141702
0.042374313
0.2229746
0.3815205
0.09099001
0.052758276
0.71060264
0.27238554
0.33070278
0.3290031
0.5441203
0.4056902
0.80930126
0.6377716
0.3398112
0.18447882
0.426046
0.52566874
0.3684491
0.4892347
0.1892615
0.3146152
0.3160267
0.56984925
-0.012743115
-0.013482392
-0.06158346
0.15724725
0.1023587
-0.4618416
-0.62675935
-0.17015994
-0.252389
-0.071930945
-0.48487884
-0.6923317
-0.39239305
-0.34003788
-0.3919192
-0.5306361
-0.6219157
-0.22250986
-0.44217545
-0.19361871
-0.23776537
-0.30146596
-0.077765524
-0.072262764
0.12967044
-0.017264009
-0.004611075
-0.018948257
0.39215672
0.28135413
0.13390893
0.03877932
0.34105897
0.37041938
0.69673145
0.31756985
0.32085574
0.7195889
0.7881944
0.77151334
0.469599
-0.011290789
0.42547977
0.92227864
0.38608706
0.23304689
0.1496675
0.42099917
0.40699518
0.21003693
0.18308604
-0.24346119
0.34377933
0.37880218
0.28535455
-0.09814978
-0.28587806
-0.2787018
-0.04747528
-0.018293262
-0.5161855
-0.69869167
-0.39173675
-0.1224314
-0.4248536
-0.5888278
-0.6069788
-0.31936872
-0.20416903
-0.08295357
-0.46039826
-0.5400822
-0.055675387
-0.030275583
0.11915815
-0.29414213
-0.2755136
0.12616509
0.20096362
0.19630945
0.14178962
0.16683513
0.643201
0.6724483
0.52550685
0.3020864
0.19964284
0.4463482
0.92257726
0.86757493
0.511613
0.23212141
0.5809436
0.7357513
0.769498
0.07869512
0.31734622
0.39612806
0.34188175
0.33331394
0.085436285
-0.16689974
-0.07311642
0.3957901
-0.13082004
-0.33209965
-0.2765044
-0.27462476
0.013826251
0.05860597
-0.3757018
-0.48974738
-0.40868285
-0.20857936
-0.3398356
-0.64260113
-0.12842917
-0.5733466
-0.20229
0.03989333
-0.6714033
-0.32859126
-0.27918997
-0.032948673
0.012798309
-0.10429013
-0.42688525
-0.12002063
0.12553424
0.38054752
0.08775294
0.29006833
0.37126088
0.550236
0.55435705
0.27017975
0.14369535
0.44408023
0.83465064
0.67572534
0.27208596
0.73248446
0.29876226
0.83910453
0.5468962
0.17169517
0.2539466
0.31450987
0.521317
0.36575627
-0.023919165
-0.19761059
0.022443473
0.24191558
0.25220412
-0.17552423
-0.33008617
-0.15613312
-0.20348454
-0.04266125
-0.4945174
-0.7158259
-0.33196908
-0.26884893
-0.5361825
-0.29738265
-0.7609749
-0.3087479
-0.0773747
-0.5424353
-0.40201354
-0.5684784
-0.6005023
-0.025710583
0.11371547
-0.31760883
-0.09436047
0.1729182
0.39955354
0.6271291
0.34096742
0.36547804
0.5009625
0.4788226
0.5149611
0.23011333
0.3488568
0.22398806
0.7105473
0.544286
0.47996354
0.35382664
0.41028953
0.9087043
0.51676977
0.36996698
0.30221957
0.42986166
0.6485313
0.47317648
0.21896404
-0.17974007
0.09322858
0.21144825
0.11438501
-0.23832032
-0.2364291
-0.15167105
-0.2820182
-0.2018354
-0.288325
-0.7356153
-0.15044248
-0.2607361
-0.3868147
-0.25234327
-0.6697337
-0.55813885
-0.37065768
-0.1616888
-0.2300114
-0.3065806
-0.17832565
0.019806266
0.009786904
-0.108483136
-0.10019535
-0.14163929
0.20744169
0.037596226
0.093590975
0.078721404
0.25088245
0.5584655
0.25433922
0.21338415
0.49510944
0.39459896
0.704746
0.7738048
0.45886064
0.18713343
0.25968343
0.66966486
0.57200384
0.5021447
0.20457828
0.21039915
0.7921269
0.22512478
0.0886206
0.0012475252
0.32379174
0.090601265
-0.02381599
-0.1348545
-0.38444856
-0.09358263
-0.066961646
-0.20582697
-0.32258928
-0.63921076
-0.29007167
-0.38330752
-0.22787777
-0.5307743
-0.6091565
-0.13657218
-0.274445
-0.14989173
-0.27384073
-0.715873
-0.12395954
0.044852972
-0.210305
0.05501175
-0.369518
-0.11897415
0.17084807
0.06352037
-0.0017179847
0.26992226
0.18121296
0.53195643
0.31003773
0.43333077
0.24805272
0.47080326
0.34582305
0.6154852
0.10418731
0.20341128
0.45371604
0.78619874
0.45565212
0.10067552
0.273602
0.32920098
0.3364867
0.5091413
0.1926822
-0.27984956
-0.043881655
0.026184082
0.15639216
-0.5218301
-0.52302235
-0.04132241
0.068970144
-0.0013757348
-0.50667965
-0.594636
-0.39273244
-0.08638835
-0.41771847
-0.40720555
-0.5608535
-0.27754855
-0.07069552
-0.04633975
-0.56821483
-0.4861725
-0.38748115
0.15716636
-0.16736913
-0.28243348
-0.41179684
0.2754599
0.59219515
0.41848612
-0.29663378
0.038151145
0.43280566
0.67227066
0.60882103
0.270007
0.33005
0.6520592
0.6306294
0.80798686
0.4755057
0.18008888
0.55599165
0.62527037
0.72665787
0.52019835
-0.055155337
0.17114037
0.5817486
0.4040351
0.1409297
-0.2510597
0.16022754
0.13112181
0.061321974
-0.18889087
-0.4137544
-0.3154889
-0.026220798
-0.2464486
-0.5156626
-0.522271
-0.24826115
-0.18932599
-0.10419428
-0.4539445
-0.5418366
-0.51268727
-0.28364667
-0.19061697
-0.5187155
-0.31531602
0.019316018
0.09735018
-0.05249822
-0.13803446
-0.15177298
0.11751211
0.34882128
0.3555733
0.030141056
0.02996999
0.30808932
0.636858
0.4265195
0.08645213
0.13715792
0.4447441
0.5293597
0.55266607
0.35577095
0.19058472
0.3648355
0.4339081
0.4143213
0.104035616
0.5133176
0.40399063
0.60270035
0.27468282
0.17404658
-0.1410659
0.21200198
0.30992836
0.0043121576
0.0026322603
-0.24377766
-0.23880565
-0.30370495
0.15255004
-0.69220096
-0.65541863
-0.40005973
-0.1230762
-0.32555047
-0.4961539
-0.57646847
-0.52918863
-0.26798558
-0.045644104
-0.3753028
-0.5080792
-0.10284501
0.037421525
0.0065924525
-0.06874704
-0.29592785
-0.025818467
0.40133774
0.6109685
0.0280568
0.029597044
0.36030614
0.6203209
0.6532972
0.32190096
0.0186463
0.7569792
1.0000001
0.65521026
0.7326186
0.12733251
0.62469125
0.30628514
0.6720642
0.4266957
0.23806882
0.45329797
0.4923718
0.2971968
-0.01966834
-0.13604993
0.33933127
0.28556323
-0.06763893
-0.4286975
-0.36671287
-0.40475264
0.21563077
-0.124465525
-0.35540995
-0.41339043
-0.46325245
-0.11479646
-0.36863828
-0.5353675
-0.90286565
-0.5130863
-0.2634533
-0.18509018
-0.50704277
-0.44347394
-0.20619562
0.17912215
0.0065295696
-0.32880396
-0.09550536
-0.027273536
0.40854
0.4871348
0.25680208
0.17952424
0.4111607
0.47866976
0.39647198
0.35741365
0.2886014
0.77785146
0.7474266
0.491897
0.5171311
0.27562755
0.3050335
0.7765027
0.5869521
0.2544998
0.037803113
0.3575158
0.51924765
0.4440111
-0.106781125
-0.20197263
0.110459685
0.14216733
0.22071475
-0.27188835
-0.33686262
-0.4067451
-0.16375315
-0.23408827
-0.39951596
-0.27928045
-0.3900047
-0.049727798
-0.014374375
-0.73568135
-1.0
-0.27694577
0.030290544
0.01475817
-0.33537713
-0.6195037
-0.3606647
-0.02819866
0.20682132
-0.090090096
-0.071466446
0.023642123
0.21617919
0.30146515
0.19261444
-0.05620873
0.26064026
0.52905416
0.57564855
0.50760055
0.3054492
0.53924847
0.69663584
0.5805352
0.524343
-0.084748685
0.5560384
0.4846624
0.45484686
0.1459406
0.43439877
0.13016385
0.31649637
0.190108
0.012141585
-0.15933889
0.070949316
0.09053719
0.18748611
-0.39168486
-0.41952595
-0.1472637
-0.08955586
-0.23338902
-0.36416158
-0.73353314
-0.443191
-0.2989393
-0.27872998
-0.30251116
-0.31590152
-0.37264225
-0.14797455
-0.2853522
-0.5452301
-0.5311577
-0.112350225
0.26784003
0.19398052
-0.06325364
-0.07843822
0.09924841
0.25609875
0.39071286
0.13148153
0.17157245
0.38591838
0.75110376
0.2903242
0.1261816
0.14106494
0.63005435
0.7332591
0.8012539
0.6533835
0.30292952
0.4731288
0.6831857
0.71078193
0.19677508
-0.023219645
0.4463246
0.42693686
0.2500826
-0.04107678
-0.14292401
0.016996741
0.38899863
0.034061015
-0.24188161
-0.22534212
-0.13298064
-0.3290675
-0.14656389
-0.46482083
-0.46687472
-0.32902458
-0.18797353
-0.022823274
-0.56180906
-0.81643236
-0.20884112
-0.086842656
-0.13149786
-0.23793575
-0.4138261
-0.2538978
0.16950804
-0.13011634
-0.14874548
-0.34889835
0.25346607
0.32468343
0.24544597
-0.032780945
0.13686359
0.31006002
0.6455536
0.52803564
0.1530264
0.18507892
0.4776547
0.6841334
0.6583723
0.3213817
0.11130965
0.47674322
0.455328
0.2980131
0.27168852
0.1963306
0.09498614
0.50619364
0.5231222
0.024055064
-0.04749447
0.022415102
0.12875915
-0.0036970377
-0.34094477
-0.2509138
-0.24111652
-0.20285764
-0.28825048
-0.3840288
-0.3329518
-0.08739048
0.07762164
-0.21269575
-0.636308
-0.45046043
-0.46179047
-0.12701535
-0.20899567
-0.47940588
-0.6220912
-0.1960682
0.15297794
0.06229663
-0.1242612
-0.068409145
0.068128705
0.33040977
0.11165768
0.082891405
0.2243467
0.104504645
0.71895874
0.7239448
0.4155239
-0.003398776
0.7993456
0.598536
0.4852587
0.08871955
0.45704556
0.28979075
0.4017521
0.6698574
0.19068074
0.13152432
0.46153736
0.4515915
0.37349105
0.12532943
-0.46542555
0.17617542
0.26410794
0.033254027
-0.4450605
-0.39120966
-0.40641436
0.2144866
-0.2122617
-0.44488448
-0.6211962
-0.4057305
-0.10986519
-0.18643352
-0.575794
-0.7334644
-0.51308227
0.019584358
-0.35074383
-0.6698321
-0.21546137
-0.28443295
0.020640552
0.021373749
-0.19175488
-0.108859
-0.0014261007
0.30896908
0.015922606
0.20172548
-0.05313039
0.5717206
0.53821194
0.43071687
0.32443476
0.44004738
0.43995917
0.5950022
0.37449884
0.09451449
0.28599083
0.6794121
0.6951033
0.77398396
0.119516015
0.3411976
0.57714295
0.7200655
0.34826934
0.1426369
-0.22528297
0.13819122
0.5468974
-0.0023486614
-0.19339746
-0.32745337
-0.24397677
-0.20045555
0.034440517
-0.6249009
-0.52826977
-0.22490257
-0.068540335
-0.2965797
-0.35779262
-0.86098075
-0.3513973
-0.13494658
-0.39749888
-0.36372173
-0.50276715
-0.40510026
-0.02349031
-0.0012275577
-0.3506681
-0.17026442
